The optimization status is OPTIMAL
-------
Obj function value: 173416.655390616
Total order cost: 13416.655390615999
Total fixed cost: 4324.0
Total unit costs: 9092.655390615999
-------
Region Summary Table
Region,Product,Regional_stock,Region_stock_out,Regional_Flow,Nonregional_Flow
1,1,0,1.0,0.0,13.0
1,2,0,1.0,0.0,9.0
1,3,0,1.0,0.0,16.0
1,4,0,1.0,0.0,8.0
1,5,0,1.0,0.0,9.0
2,1,13,0.0,9.0,0.0
2,2,10,1.0,10.0,15.0
2,3,15,-0.0,10.0,0.0
2,4,15,0.0,14.0,0.0
2,5,14,1.0,14.0,4.0
3,1,6,1.0,6.0,14.0
3,2,5,1.0,5.0,11.0
3,3,10,1.0,10.0,6.0
3,4,10,0.0,6.0,0.0
3,5,7,1.0,7.0,13.0
4,1,35,0.0,12.0,0.0
4,2,44,0.0,7.0,0.0
4,3,37,0.0,20.0,0.0
4,4,37,0.0,20.0,0.0
4,5,39,0.0,13.0,0.0
-------
Warehouse	 Warehouse_Region	 Order	 Order_Region	 Product	 Quantity	 Unit_Costs	
1,2,9,1,1,4.0,54.016613664
1,2,9,1,3,1.0,27.008306832
1,2,25,2,3,3.0,224.13487524
1,2,25,2,5,2.0,112.06743762
1,2,26,2,4,5.0,190.91751915
1,2,26,2,5,3.0,343.65153447
1,2,30,2,1,1.0,16.037090878
1,2,30,2,2,2.0,64.148363512
1,2,31,3,3,1.0,45.10378788
1,2,39,2,2,3.0,121.15846848
1,2,39,2,5,4.0,121.15846848
2,3,10,3,2,1.0,27.269662216
2,3,10,3,3,8.0,218.157297728
2,3,10,3,4,1.0,6.817415554
2,3,21,3,1,2.0,65.46841224
2,3,21,3,4,1.0,16.36710306
2,3,23,3,3,1.0,24.329786151999997
2,3,23,3,5,4.0,72.98935845599999
2,3,31,3,1,1.0,62.88230986
2,3,31,3,3,1.0,125.76461972
2,3,31,3,5,3.0,282.97039437
2,3,36,3,2,2.0,274.880918
2,3,36,3,4,4.0,137.440459
2,3,40,3,1,3.0,114.95552604
2,3,40,3,2,2.0,153.27403472
2,3,42,1,4,2.0,20.93863394
3,4,1,3,2,5.0,240.3564374
3,4,3,2,2,3.0,64.681067148
3,4,12,1,1,3.0,183.05175114
3,4,17,4,1,1.0,37.50261702
3,4,17,4,4,3.0,56.253925530000004
3,4,17,4,5,5.0,281.26962765
3,4,18,3,1,3.0,68.97951408
3,4,18,3,5,1.0,34.48975704
3,4,22,4,3,1.0,77.9413008
3,4,32,4,1,2.0,10.74478928
3,4,32,4,3,3.0,32.234367840000004
3,4,37,3,3,2.0,29.976967591999998
3,4,37,3,5,4.0,44.965451388
4,2,2,2,3,4.0,72.1289412
4,2,2,2,4,1.0,4.508058825
4,2,3,2,3,2.0,144.09858832
4,2,3,2,5,2.0,108.07394124000001
4,2,7,2,2,5.0,133.23625928
4,2,19,2,4,3.0,91.21157352
4,2,27,2,1,4.0,3.955202832
4,2,27,2,5,3.0,4.449603186
4,2,29,2,4,4.0,91.51125104
4,2,35,2,1,3.0,100.0559175
4,2,41,1,3,3.0,52.974906
4,2,45,2,1,1.0,32.49917714
4,2,45,2,3,1.0,64.99835428
4,2,45,2,4,1.0,16.24958857
5,4,5,1,3,1.0,54.32599304
5,4,5,1,5,2.0,81.48898956
5,4,24,1,1,2.0,7.8073775
5,4,31,3,1,2.0,113.23204492
5,4,31,3,3,1.0,113.23204492
5,4,36,3,1,5.0,39.38185618
5,4,36,3,2,2.0,31.505484944000003
5,4,38,4,2,4.0,24.736614736
5,4,38,4,4,5.0,7.730192105
5,4,43,4,4,2.0,36.76971688
5,4,43,4,5,3.0,165.46372595999998
5,4,44,1,2,4.0,115.51591908799999
5,4,44,1,3,4.0,115.51591908799999
5,4,44,1,5,2.0,43.318469658
6,4,4,4,1,2.0,51.01710528
6,4,4,4,3,2.0,102.03421056
6,4,14,4,1,3.0,88.9636599
6,4,14,4,4,4.0,59.3091066
6,4,15,3,3,1.0,5.43333856
6,4,17,4,3,4.0,62.289505008
6,4,17,4,5,1.0,11.679282189
6,4,25,2,2,2.0,26.453478296
6,4,30,2,2,2.0,120.59703168
6,4,34,3,2,3.0,1.2822911879999999
6,4,34,3,3,1.0,0.427430396
6,4,34,3,5,4.0,1.2822911879999999
6,4,43,4,2,2.0,102.60900536
6,4,43,4,3,2.0,102.60900536
6,4,43,4,4,2.0,25.65225134
7,4,8,3,2,1.0,20.925342712
7,4,8,3,5,1.0,15.694007033999998
7,4,11,2,2,4.0,266.78910832
7,4,12,1,5,1.0,41.32309332
7,4,15,3,5,3.0,30.784326012
7,4,20,4,1,4.0,99.51286552
7,4,20,4,3,3.0,149.26929828000002
7,4,24,1,2,5.0,265.5582698
7,4,41,1,1,1.0,17.88223802
7,4,41,1,3,4.0,143.05790416
7,4,41,1,5,4.0,107.29342811999999
8,4,6,2,5,3.0,2.394397953
8,4,13,4,5,4.0,96.145489236
8,4,16,4,2,1.0,89.0745922
8,4,16,4,4,4.0,89.0745922
8,4,22,4,3,5.0,368.8862194
8,4,23,3,1,4.0,1.273315296
8,4,29,2,5,1.0,3.106218492
8,4,33,1,3,3.0,101.264295756
8,4,33,1,4,6.0,50.632147878
8,4,41,1,1,3.0,173.14163124
8,4,45,2,2,4.0,241.60193408
-------
Total unfulfilled demand: 16.0 units
Order	 Product	 Unfulfilled Demand
9	 5	 2.0
12	 5	 2.0
17	 5	 1.0
26	 1	 3.0
28	 3	 5.0
30	 1	 2.0
43	 5	 1.0
-------
Total leftover supply: 16.0 units
Warehouse	 Product	 Leftover Supply
1	 4	 1.0
2	 4	 2.0
3	 4	 4.0
6	 2	 1.0
7	 4	 7.0
8	 2	 1.0

